start=8876.367500
volume=102.000000
contrast=-2
