start=3.000000
volume=98.000000
saturation=14
