start=18.393375
volume=110.000000
