start=7191.157822
volume=94.000000
