start=16.433083
panscan=0.100000
