start=6897.223667
volume=94.000000
