start=2607.633333
volume=66.000000
